(kicad_pcb (version 20171130) (host pcbnew "(5.1.0)-1")

  (general
    (thickness 1.6)
    (drawings 4)
    (tracks 359)
    (zones 0)
    (modules 44)
    (nets 34)
  )

  (page A4)
  (layers
    (0 F.Cu signal)
    (31 B.Cu signal)
    (32 B.Adhes user)
    (33 F.Adhes user)
    (34 B.Paste user)
    (35 F.Paste user)
    (36 B.SilkS user)
    (37 F.SilkS user)
    (38 B.Mask user)
    (39 F.Mask user)
    (40 Dwgs.User user)
    (41 Cmts.User user)
    (42 Eco1.User user)
    (43 Eco2.User user)
    (44 Edge.Cuts user)
    (45 Margin user)
    (46 B.CrtYd user)
    (47 F.CrtYd user)
    (48 B.Fab user hide)
    (49 F.Fab user)
  )

  (setup
    (last_trace_width 0.25)
    (trace_clearance 0.2)
    (zone_clearance 0.508)
    (zone_45_only no)
    (trace_min 0.2)
    (via_size 0.8)
    (via_drill 0.4)
    (via_min_size 0.4)
    (via_min_drill 0.3)
    (uvia_size 0.3)
    (uvia_drill 0.1)
    (uvias_allowed no)
    (uvia_min_size 0.2)
    (uvia_min_drill 0.1)
    (edge_width 0.05)
    (segment_width 0.2)
    (pcb_text_width 0.3)
    (pcb_text_size 1.5 1.5)
    (mod_edge_width 0.12)
    (mod_text_size 1 1)
    (mod_text_width 0.15)
    (pad_size 2.2 2.2)
    (pad_drill 2.2)
    (pad_to_mask_clearance 0.051)
    (solder_mask_min_width 0.25)
    (aux_axis_origin 0 0)
    (visible_elements 7FFFFFFF)
    (pcbplotparams
      (layerselection 0x010fc_ffffffff)
      (usegerberextensions false)
      (usegerberattributes false)
      (usegerberadvancedattributes false)
      (creategerberjobfile false)
      (excludeedgelayer true)
      (linewidth 0.100000)
      (plotframeref false)
      (viasonmask false)
      (mode 1)
      (useauxorigin false)
      (hpglpennumber 1)
      (hpglpenspeed 20)
      (hpglpendiameter 15.000000)
      (psnegative false)
      (psa4output false)
      (plotreference true)
      (plotvalue true)
      (plotinvisibletext false)
      (padsonsilk false)
      (subtractmaskfromsilk false)
      (outputformat 1)
      (mirror false)
      (drillshape 1)
      (scaleselection 1)
      (outputdirectory ""))
  )

  (net 0 "")
  (net 1 "Net-(A0-Pad1)")
  (net 2 "Net-(B0-Pad1)")
  (net 3 "Net-(C0-Pad1)")
  (net 4 GND)
  (net 5 /3.3V)
  (net 6 /5V)
  (net 7 /D+)
  (net 8 /D-)
  (net 9 /ENABLE)
  (net 10 "Net-(FC0-Pad1)")
  (net 11 /SHIELD)
  (net 12 "Net-(IC0-Pad1)")
  (net 13 "Net-(IC0-Pad2)")
  (net 14 "Net-(IC0-Pad4)")
  (net 15 "Net-(IC0-Pad5)")
  (net 16 "Net-(IC0-Pad7)")
  (net 17 "Net-(IC0-Pad8)")
  (net 18 "Net-(IC0-Pad9)")
  (net 19 "Net-(IC0-Pad10)")
  (net 20 "Net-(IC0-Pad11)")
  (net 21 "Net-(IC0-Pad12)")
  (net 22 "Net-(IC0-Pad17)")
  (net 23 /TXDEN)
  (net 24 "Net-(IC0-Pad19)")
  (net 25 "Net-(IC0-Pad20)")
  (net 26 "Net-(IC2-Pad1)")
  (net 27 "Net-(IC2-Pad3)")
  (net 28 "Net-(IC2-Pad6)")
  (net 29 "Net-(IC2-Pad7)")
  (net 30 /#ENABLE)
  (net 31 "Net-(LED0-Pad1)")
  (net 32 "Net-(LED1-Pad1)")
  (net 33 "Net-(LED2-Pad1)")

  (net_class Default "Ceci est la Netclass par défaut."
    (clearance 0.2)
    (trace_width 0.25)
    (via_dia 0.8)
    (via_drill 0.4)
    (uvia_dia 0.3)
    (uvia_drill 0.1)
    (add_net /#ENABLE)
    (add_net /3.3V)
    (add_net /5V)
    (add_net /D+)
    (add_net /D-)
    (add_net /ENABLE)
    (add_net /SHIELD)
    (add_net /TXDEN)
    (add_net GND)
    (add_net "Net-(A0-Pad1)")
    (add_net "Net-(B0-Pad1)")
    (add_net "Net-(C0-Pad1)")
    (add_net "Net-(FC0-Pad1)")
    (add_net "Net-(IC0-Pad1)")
    (add_net "Net-(IC0-Pad10)")
    (add_net "Net-(IC0-Pad11)")
    (add_net "Net-(IC0-Pad12)")
    (add_net "Net-(IC0-Pad17)")
    (add_net "Net-(IC0-Pad19)")
    (add_net "Net-(IC0-Pad2)")
    (add_net "Net-(IC0-Pad20)")
    (add_net "Net-(IC0-Pad4)")
    (add_net "Net-(IC0-Pad5)")
    (add_net "Net-(IC0-Pad7)")
    (add_net "Net-(IC0-Pad8)")
    (add_net "Net-(IC0-Pad9)")
    (add_net "Net-(IC2-Pad1)")
    (add_net "Net-(IC2-Pad3)")
    (add_net "Net-(IC2-Pad6)")
    (add_net "Net-(IC2-Pad7)")
    (add_net "Net-(LED0-Pad1)")
    (add_net "Net-(LED1-Pad1)")
    (add_net "Net-(LED2-Pad1)")
  )

  (module MountingHole:MountingHole_2.2mm_M2 (layer F.Cu) (tedit 56D1B4CB) (tstamp 6364F057)
    (at 108 111)
    (descr "Mounting Hole 2.2mm, no annular, M2")
    (tags "mounting hole 2.2mm no annular m2")
    (attr virtual)
    (fp_text reference REF** (at 0 -3.2) (layer F.Fab)
      (effects (font (size 1 1) (thickness 0.15)))
    )
    (fp_text value MountingHole_2.2mm_M2 (at 0 3.2) (layer F.Fab)
      (effects (font (size 1 1) (thickness 0.15)))
    )
    (fp_circle (center 0 0) (end 2.45 0) (layer F.CrtYd) (width 0.05))
    (fp_circle (center 0 0) (end 2.2 0) (layer Cmts.User) (width 0.15))
    (fp_text user %R (at 0.3 0) (layer F.Fab)
      (effects (font (size 1 1) (thickness 0.15)))
    )
    (pad 1 np_thru_hole circle (at 0 0) (size 2.2 2.2) (drill 2.2) (layers *.Cu *.Mask))
  )

  (module MountingHole:MountingHole_2.2mm_M2 (layer F.Cu) (tedit 56D1B4CB) (tstamp 6364F03A)
    (at 108 94)
    (descr "Mounting Hole 2.2mm, no annular, M2")
    (tags "mounting hole 2.2mm no annular m2")
    (attr virtual)
    (fp_text reference REF** (at 0 -3.2) (layer F.Fab)
      (effects (font (size 1 1) (thickness 0.15)))
    )
    (fp_text value MountingHole_2.2mm_M2 (at 0 3.2) (layer F.Fab)
      (effects (font (size 1 1) (thickness 0.15)))
    )
    (fp_circle (center 0 0) (end 2.45 0) (layer F.CrtYd) (width 0.05))
    (fp_circle (center 0 0) (end 2.2 0) (layer Cmts.User) (width 0.15))
    (fp_text user %R (at 0.3 0) (layer F.Fab)
      (effects (font (size 1 1) (thickness 0.15)))
    )
    (pad 1 np_thru_hole circle (at 0 0) (size 2.2 2.2) (drill 2.2) (layers *.Cu *.Mask))
  )

  (module MountingHole:MountingHole_2.2mm_M2 (layer F.Cu) (tedit 56D1B4CB) (tstamp 6364ED5C)
    (at 149.75 94.5)
    (descr "Mounting Hole 2.2mm, no annular, M2")
    (tags "mounting hole 2.2mm no annular m2")
    (attr virtual)
    (fp_text reference REF** (at 0 -3.2) (layer F.Fab)
      (effects (font (size 1 1) (thickness 0.15)))
    )
    (fp_text value MountingHole_2.2mm_M2 (at 0 3.2) (layer F.Fab)
      (effects (font (size 1 1) (thickness 0.15)))
    )
    (fp_circle (center 0 0) (end 2.45 0) (layer F.CrtYd) (width 0.05))
    (fp_circle (center 0 0) (end 2.2 0) (layer Cmts.User) (width 0.15))
    (fp_text user %R (at 0.3 0) (layer F.Fab)
      (effects (font (size 1 1) (thickness 0.15)))
    )
    (pad 1 np_thru_hole circle (at 0 0) (size 2.2 2.2) (drill 2.2) (layers *.Cu *.Mask))
  )

  (module MountingHole:MountingHole_2.2mm_M2 (layer F.Cu) (tedit 6364E28C) (tstamp 6364ED3F)
    (at 149.75 110.5)
    (descr "Mounting Hole 2.2mm, no annular, M2")
    (tags "mounting hole 2.2mm no annular m2")
    (attr virtual)
    (fp_text reference REF** (at 0 -3.2) (layer F.Fab)
      (effects (font (size 1 1) (thickness 0.15)))
    )
    (fp_text value MountingHole_2.2mm_M2 (at 0 3.2) (layer F.Fab)
      (effects (font (size 1 1) (thickness 0.15)))
    )
    (fp_circle (center 0 0) (end 2.45 0) (layer F.CrtYd) (width 0.05))
    (fp_circle (center 0 0) (end 2.2 0) (layer Cmts.User) (width 0.15))
    (fp_text user %R (at 0.3 0) (layer F.Fab)
      (effects (font (size 1 1) (thickness 0.15)))
    )
    (pad "" np_thru_hole circle (at 0 0) (size 2.2 2.2) (drill 2.2) (layers *.Cu *.Mask))
  )

  (module TestPoint:TestPoint_THTPad_D2.5mm_Drill1.2mm (layer F.Cu) (tedit 5A0F774F) (tstamp 6363EF9E)
    (at 129.75 95.5)
    (descr "THT pad as test Point, diameter 2.5mm, hole diameter 1.2mm ")
    (tags "test point THT pad")
    (path /6366AA53)
    (attr virtual)
    (fp_text reference A (at 0 -2.148) (layer F.SilkS)
      (effects (font (size 1 1) (thickness 0.15)))
    )
    (fp_text value TestPoint (at 0 2.25) (layer F.Fab)
      (effects (font (size 1 1) (thickness 0.15)))
    )
    (fp_circle (center 0 0) (end 0 1.45) (layer F.SilkS) (width 0.12))
    (fp_circle (center 0 0) (end 1.75 0) (layer F.CrtYd) (width 0.05))
    (fp_text user %R (at 0 -2.15) (layer F.Fab)
      (effects (font (size 1 1) (thickness 0.15)))
    )
    (pad 1 thru_hole circle (at 0 0) (size 2.5 2.5) (drill 1.2) (layers *.Cu *.Mask)
      (net 1 "Net-(A0-Pad1)"))
  )

  (module TestPoint:TestPoint_THTPad_D2.5mm_Drill1.2mm (layer F.Cu) (tedit 5A0F774F) (tstamp 6363EFA6)
    (at 133.75 95.5)
    (descr "THT pad as test Point, diameter 2.5mm, hole diameter 1.2mm ")
    (tags "test point THT pad")
    (path /6366A7E5)
    (attr virtual)
    (fp_text reference B0 (at 0 -2.148) (layer F.SilkS)
      (effects (font (size 1 1) (thickness 0.15)))
    )
    (fp_text value TestPoint (at 0 2.25) (layer F.Fab)
      (effects (font (size 1 1) (thickness 0.15)))
    )
    (fp_text user %R (at 0 -2.15) (layer F.Fab)
      (effects (font (size 1 1) (thickness 0.15)))
    )
    (fp_circle (center 0 0) (end 1.75 0) (layer F.CrtYd) (width 0.05))
    (fp_circle (center 0 0) (end 0 1.45) (layer F.SilkS) (width 0.12))
    (pad 1 thru_hole circle (at 0 0) (size 2.5 2.5) (drill 1.2) (layers *.Cu *.Mask)
      (net 2 "Net-(B0-Pad1)"))
  )

  (module Capacitor_SMD:C_1206_3216Metric_Pad1.42x1.75mm_HandSolder (layer F.Cu) (tedit 5B301BBE) (tstamp 63646F96)
    (at 111.5125 108.5)
    (descr "Capacitor SMD 1206 (3216 Metric), square (rectangular) end terminal, IPC_7351 nominal with elongated pad for handsoldering. (Body size source: http://www.tortai-tech.com/upload/download/2011102023233369053.pdf), generated with kicad-footprint-generator")
    (tags "capacitor handsolder")
    (path /633BAEEF)
    (attr smd)
    (fp_text reference C0 (at 3.4875 0) (layer F.SilkS)
      (effects (font (size 1 1) (thickness 0.15)))
    )
    (fp_text value 10n (at 0 1.82) (layer F.Fab)
      (effects (font (size 1 1) (thickness 0.15)))
    )
    (fp_line (start -1.6 0.8) (end -1.6 -0.8) (layer F.Fab) (width 0.1))
    (fp_line (start -1.6 -0.8) (end 1.6 -0.8) (layer F.Fab) (width 0.1))
    (fp_line (start 1.6 -0.8) (end 1.6 0.8) (layer F.Fab) (width 0.1))
    (fp_line (start 1.6 0.8) (end -1.6 0.8) (layer F.Fab) (width 0.1))
    (fp_line (start -0.602064 -0.91) (end 0.602064 -0.91) (layer F.SilkS) (width 0.12))
    (fp_line (start -0.602064 0.91) (end 0.602064 0.91) (layer F.SilkS) (width 0.12))
    (fp_line (start -2.45 1.12) (end -2.45 -1.12) (layer F.CrtYd) (width 0.05))
    (fp_line (start -2.45 -1.12) (end 2.45 -1.12) (layer F.CrtYd) (width 0.05))
    (fp_line (start 2.45 -1.12) (end 2.45 1.12) (layer F.CrtYd) (width 0.05))
    (fp_line (start 2.45 1.12) (end -2.45 1.12) (layer F.CrtYd) (width 0.05))
    (fp_text user %R (at 0 0) (layer F.Fab)
      (effects (font (size 0.8 0.8) (thickness 0.12)))
    )
    (pad 1 smd roundrect (at -1.4875 0) (size 1.425 1.75) (layers F.Cu F.Paste F.Mask) (roundrect_rratio 0.175439)
      (net 3 "Net-(C0-Pad1)"))
    (pad 2 smd roundrect (at 1.4875 0) (size 1.425 1.75) (layers F.Cu F.Paste F.Mask) (roundrect_rratio 0.175439)
      (net 4 GND))
    (model ${KISYS3DMOD}/Capacitor_SMD.3dshapes/C_1206_3216Metric.wrl
      (at (xyz 0 0 0))
      (scale (xyz 1 1 1))
      (rotate (xyz 0 0 0))
    )
  )

  (module Capacitor_SMD:C_0603_1608Metric_Pad1.05x0.95mm_HandSolder (layer B.Cu) (tedit 5B301BBE) (tstamp 6363EFC8)
    (at 119.625 102.75 180)
    (descr "Capacitor SMD 0603 (1608 Metric), square (rectangular) end terminal, IPC_7351 nominal with elongated pad for handsoldering. (Body size source: http://www.tortai-tech.com/upload/download/2011102023233369053.pdf), generated with kicad-footprint-generator")
    (tags "capacitor handsolder")
    (path /633B25F2)
    (attr smd)
    (fp_text reference C1 (at 0 1.43 180) (layer B.SilkS)
      (effects (font (size 1 1) (thickness 0.15)) (justify mirror))
    )
    (fp_text value 0.1u (at 0 -1.43 180) (layer B.Fab)
      (effects (font (size 1 1) (thickness 0.15)) (justify mirror))
    )
    (fp_text user %R (at 0 0 180) (layer B.Fab)
      (effects (font (size 0.4 0.4) (thickness 0.06)) (justify mirror))
    )
    (fp_line (start 1.65 -0.73) (end -1.65 -0.73) (layer B.CrtYd) (width 0.05))
    (fp_line (start 1.65 0.73) (end 1.65 -0.73) (layer B.CrtYd) (width 0.05))
    (fp_line (start -1.65 0.73) (end 1.65 0.73) (layer B.CrtYd) (width 0.05))
    (fp_line (start -1.65 -0.73) (end -1.65 0.73) (layer B.CrtYd) (width 0.05))
    (fp_line (start -0.171267 -0.51) (end 0.171267 -0.51) (layer B.SilkS) (width 0.12))
    (fp_line (start -0.171267 0.51) (end 0.171267 0.51) (layer B.SilkS) (width 0.12))
    (fp_line (start 0.8 -0.4) (end -0.8 -0.4) (layer B.Fab) (width 0.1))
    (fp_line (start 0.8 0.4) (end 0.8 -0.4) (layer B.Fab) (width 0.1))
    (fp_line (start -0.8 0.4) (end 0.8 0.4) (layer B.Fab) (width 0.1))
    (fp_line (start -0.8 -0.4) (end -0.8 0.4) (layer B.Fab) (width 0.1))
    (pad 2 smd roundrect (at 0.875 0 180) (size 1.05 0.95) (layers B.Cu B.Paste B.Mask) (roundrect_rratio 0.25)
      (net 4 GND))
    (pad 1 smd roundrect (at -0.875 0 180) (size 1.05 0.95) (layers B.Cu B.Paste B.Mask) (roundrect_rratio 0.25)
      (net 5 /3.3V))
    (model ${KISYS3DMOD}/Capacitor_SMD.3dshapes/C_0603_1608Metric.wrl
      (at (xyz 0 0 0))
      (scale (xyz 1 1 1))
      (rotate (xyz 0 0 0))
    )
  )

  (module Capacitor_SMD:C_0603_1608Metric_Pad1.05x0.95mm_HandSolder (layer B.Cu) (tedit 5B301BBE) (tstamp 6363EFD9)
    (at 114.375 103.5)
    (descr "Capacitor SMD 0603 (1608 Metric), square (rectangular) end terminal, IPC_7351 nominal with elongated pad for handsoldering. (Body size source: http://www.tortai-tech.com/upload/download/2011102023233369053.pdf), generated with kicad-footprint-generator")
    (tags "capacitor handsolder")
    (path /633EBB5A)
    (attr smd)
    (fp_text reference C2.1 (at -3.375 0) (layer B.SilkS)
      (effects (font (size 1 1) (thickness 0.15)) (justify mirror))
    )
    (fp_text value 0.1u (at 0 -1.43) (layer B.Fab)
      (effects (font (size 1 1) (thickness 0.15)) (justify mirror))
    )
    (fp_line (start -0.8 -0.4) (end -0.8 0.4) (layer B.Fab) (width 0.1))
    (fp_line (start -0.8 0.4) (end 0.8 0.4) (layer B.Fab) (width 0.1))
    (fp_line (start 0.8 0.4) (end 0.8 -0.4) (layer B.Fab) (width 0.1))
    (fp_line (start 0.8 -0.4) (end -0.8 -0.4) (layer B.Fab) (width 0.1))
    (fp_line (start -0.171267 0.51) (end 0.171267 0.51) (layer B.SilkS) (width 0.12))
    (fp_line (start -0.171267 -0.51) (end 0.171267 -0.51) (layer B.SilkS) (width 0.12))
    (fp_line (start -1.65 -0.73) (end -1.65 0.73) (layer B.CrtYd) (width 0.05))
    (fp_line (start -1.65 0.73) (end 1.65 0.73) (layer B.CrtYd) (width 0.05))
    (fp_line (start 1.65 0.73) (end 1.65 -0.73) (layer B.CrtYd) (width 0.05))
    (fp_line (start 1.65 -0.73) (end -1.65 -0.73) (layer B.CrtYd) (width 0.05))
    (fp_text user %R (at 0 0) (layer B.Fab)
      (effects (font (size 0.4 0.4) (thickness 0.06)) (justify mirror))
    )
    (pad 1 smd roundrect (at -0.875 0) (size 1.05 0.95) (layers B.Cu B.Paste B.Mask) (roundrect_rratio 0.25)
      (net 6 /5V))
    (pad 2 smd roundrect (at 0.875 0) (size 1.05 0.95) (layers B.Cu B.Paste B.Mask) (roundrect_rratio 0.25)
      (net 4 GND))
    (model ${KISYS3DMOD}/Capacitor_SMD.3dshapes/C_0603_1608Metric.wrl
      (at (xyz 0 0 0))
      (scale (xyz 1 1 1))
      (rotate (xyz 0 0 0))
    )
  )

  (module Capacitor_SMD:C_0603_1608Metric_Pad1.05x0.95mm_HandSolder (layer B.Cu) (tedit 5B301BBE) (tstamp 6363EFEA)
    (at 114.375 102)
    (descr "Capacitor SMD 0603 (1608 Metric), square (rectangular) end terminal, IPC_7351 nominal with elongated pad for handsoldering. (Body size source: http://www.tortai-tech.com/upload/download/2011102023233369053.pdf), generated with kicad-footprint-generator")
    (tags "capacitor handsolder")
    (path /633BCD2A)
    (attr smd)
    (fp_text reference C2.0 (at -3.375 0) (layer B.SilkS)
      (effects (font (size 1 1) (thickness 0.15)) (justify mirror))
    )
    (fp_text value 4.7u (at 0 -1.43) (layer B.Fab)
      (effects (font (size 1 1) (thickness 0.15)) (justify mirror))
    )
    (fp_line (start -0.8 -0.4) (end -0.8 0.4) (layer B.Fab) (width 0.1))
    (fp_line (start -0.8 0.4) (end 0.8 0.4) (layer B.Fab) (width 0.1))
    (fp_line (start 0.8 0.4) (end 0.8 -0.4) (layer B.Fab) (width 0.1))
    (fp_line (start 0.8 -0.4) (end -0.8 -0.4) (layer B.Fab) (width 0.1))
    (fp_line (start -0.171267 0.51) (end 0.171267 0.51) (layer B.SilkS) (width 0.12))
    (fp_line (start -0.171267 -0.51) (end 0.171267 -0.51) (layer B.SilkS) (width 0.12))
    (fp_line (start -1.65 -0.73) (end -1.65 0.73) (layer B.CrtYd) (width 0.05))
    (fp_line (start -1.65 0.73) (end 1.65 0.73) (layer B.CrtYd) (width 0.05))
    (fp_line (start 1.65 0.73) (end 1.65 -0.73) (layer B.CrtYd) (width 0.05))
    (fp_line (start 1.65 -0.73) (end -1.65 -0.73) (layer B.CrtYd) (width 0.05))
    (fp_text user %R (at 0 0) (layer B.Fab)
      (effects (font (size 0.4 0.4) (thickness 0.06)) (justify mirror))
    )
    (pad 1 smd roundrect (at -0.875 0) (size 1.05 0.95) (layers B.Cu B.Paste B.Mask) (roundrect_rratio 0.25)
      (net 6 /5V))
    (pad 2 smd roundrect (at 0.875 0) (size 1.05 0.95) (layers B.Cu B.Paste B.Mask) (roundrect_rratio 0.25)
      (net 4 GND))
    (model ${KISYS3DMOD}/Capacitor_SMD.3dshapes/C_0603_1608Metric.wrl
      (at (xyz 0 0 0))
      (scale (xyz 1 1 1))
      (rotate (xyz 0 0 0))
    )
  )

  (module Capacitor_SMD:C_0805_2012Metric_Pad1.15x1.40mm_HandSolder (layer F.Cu) (tedit 5B36C52B) (tstamp 6363EFFB)
    (at 110.975 98.5 180)
    (descr "Capacitor SMD 0805 (2012 Metric), square (rectangular) end terminal, IPC_7351 nominal with elongated pad for handsoldering. (Body size source: https://docs.google.com/spreadsheets/d/1BsfQQcO9C6DZCsRaXUlFlo91Tg2WpOkGARC1WS5S8t0/edit?usp=sharing), generated with kicad-footprint-generator")
    (tags "capacitor handsolder")
    (path /633CDC96)
    (attr smd)
    (fp_text reference C3 (at -3.025 0 180) (layer F.SilkS)
      (effects (font (size 1 1) (thickness 0.15)))
    )
    (fp_text value 47p (at 0 1.65 180) (layer F.Fab)
      (effects (font (size 1 1) (thickness 0.15)))
    )
    (fp_text user %R (at 0 0 180) (layer F.Fab)
      (effects (font (size 0.5 0.5) (thickness 0.08)))
    )
    (fp_line (start 1.85 0.95) (end -1.85 0.95) (layer F.CrtYd) (width 0.05))
    (fp_line (start 1.85 -0.95) (end 1.85 0.95) (layer F.CrtYd) (width 0.05))
    (fp_line (start -1.85 -0.95) (end 1.85 -0.95) (layer F.CrtYd) (width 0.05))
    (fp_line (start -1.85 0.95) (end -1.85 -0.95) (layer F.CrtYd) (width 0.05))
    (fp_line (start -0.261252 0.71) (end 0.261252 0.71) (layer F.SilkS) (width 0.12))
    (fp_line (start -0.261252 -0.71) (end 0.261252 -0.71) (layer F.SilkS) (width 0.12))
    (fp_line (start 1 0.6) (end -1 0.6) (layer F.Fab) (width 0.1))
    (fp_line (start 1 -0.6) (end 1 0.6) (layer F.Fab) (width 0.1))
    (fp_line (start -1 -0.6) (end 1 -0.6) (layer F.Fab) (width 0.1))
    (fp_line (start -1 0.6) (end -1 -0.6) (layer F.Fab) (width 0.1))
    (pad 2 smd roundrect (at 1.025 0 180) (size 1.15 1.4) (layers F.Cu F.Paste F.Mask) (roundrect_rratio 0.217391)
      (net 7 /D+))
    (pad 1 smd roundrect (at -1.025 0 180) (size 1.15 1.4) (layers F.Cu F.Paste F.Mask) (roundrect_rratio 0.217391)
      (net 4 GND))
    (model ${KISYS3DMOD}/Capacitor_SMD.3dshapes/C_0805_2012Metric.wrl
      (at (xyz 0 0 0))
      (scale (xyz 1 1 1))
      (rotate (xyz 0 0 0))
    )
  )

  (module Capacitor_SMD:C_0805_2012Metric_Pad1.15x1.40mm_HandSolder (layer F.Cu) (tedit 5B36C52B) (tstamp 6363F00C)
    (at 110.975 103.5)
    (descr "Capacitor SMD 0805 (2012 Metric), square (rectangular) end terminal, IPC_7351 nominal with elongated pad for handsoldering. (Body size source: https://docs.google.com/spreadsheets/d/1BsfQQcO9C6DZCsRaXUlFlo91Tg2WpOkGARC1WS5S8t0/edit?usp=sharing), generated with kicad-footprint-generator")
    (tags "capacitor handsolder")
    (path /633CE513)
    (attr smd)
    (fp_text reference C4 (at 3.025 0) (layer F.SilkS)
      (effects (font (size 1 1) (thickness 0.15)))
    )
    (fp_text value 47p (at 0 1.65) (layer F.Fab)
      (effects (font (size 1 1) (thickness 0.15)))
    )
    (fp_line (start -1 0.6) (end -1 -0.6) (layer F.Fab) (width 0.1))
    (fp_line (start -1 -0.6) (end 1 -0.6) (layer F.Fab) (width 0.1))
    (fp_line (start 1 -0.6) (end 1 0.6) (layer F.Fab) (width 0.1))
    (fp_line (start 1 0.6) (end -1 0.6) (layer F.Fab) (width 0.1))
    (fp_line (start -0.261252 -0.71) (end 0.261252 -0.71) (layer F.SilkS) (width 0.12))
    (fp_line (start -0.261252 0.71) (end 0.261252 0.71) (layer F.SilkS) (width 0.12))
    (fp_line (start -1.85 0.95) (end -1.85 -0.95) (layer F.CrtYd) (width 0.05))
    (fp_line (start -1.85 -0.95) (end 1.85 -0.95) (layer F.CrtYd) (width 0.05))
    (fp_line (start 1.85 -0.95) (end 1.85 0.95) (layer F.CrtYd) (width 0.05))
    (fp_line (start 1.85 0.95) (end -1.85 0.95) (layer F.CrtYd) (width 0.05))
    (fp_text user %R (at 0 0) (layer F.Fab)
      (effects (font (size 0.5 0.5) (thickness 0.08)))
    )
    (pad 1 smd roundrect (at -1.025 0) (size 1.15 1.4) (layers F.Cu F.Paste F.Mask) (roundrect_rratio 0.217391)
      (net 8 /D-))
    (pad 2 smd roundrect (at 1.025 0) (size 1.15 1.4) (layers F.Cu F.Paste F.Mask) (roundrect_rratio 0.217391)
      (net 4 GND))
    (model ${KISYS3DMOD}/Capacitor_SMD.3dshapes/C_0805_2012Metric.wrl
      (at (xyz 0 0 0))
      (scale (xyz 1 1 1))
      (rotate (xyz 0 0 0))
    )
  )

  (module TestPoint:TestPoint_THTPad_D2.5mm_Drill1.2mm (layer F.Cu) (tedit 5A0F774F) (tstamp 6363F014)
    (at 137.75 95.5)
    (descr "THT pad as test Point, diameter 2.5mm, hole diameter 1.2mm ")
    (tags "test point THT pad")
    (path /6366B7A6)
    (attr virtual)
    (fp_text reference EN0 (at 0 -2.148) (layer F.SilkS)
      (effects (font (size 1 1) (thickness 0.15)))
    )
    (fp_text value TestPoint (at 0 2.25) (layer F.Fab)
      (effects (font (size 1 1) (thickness 0.15)))
    )
    (fp_circle (center 0 0) (end 0 1.45) (layer F.SilkS) (width 0.12))
    (fp_circle (center 0 0) (end 1.75 0) (layer F.CrtYd) (width 0.05))
    (fp_text user %R (at 0 -2.15) (layer F.Fab)
      (effects (font (size 1 1) (thickness 0.15)))
    )
    (pad 1 thru_hole circle (at 0 0) (size 2.5 2.5) (drill 1.2) (layers *.Cu *.Mask)
      (net 9 /ENABLE))
  )

  (module Inductor_SMD:L_0805_2012Metric_Pad1.15x1.40mm_HandSolder (layer F.Cu) (tedit 5B36C52B) (tstamp 63646FC6)
    (at 110.975 106.25 180)
    (descr "Capacitor SMD 0805 (2012 Metric), square (rectangular) end terminal, IPC_7351 nominal with elongated pad for handsoldering. (Body size source: https://docs.google.com/spreadsheets/d/1BsfQQcO9C6DZCsRaXUlFlo91Tg2WpOkGARC1WS5S8t0/edit?usp=sharing), generated with kicad-footprint-generator")
    (tags "inductor handsolder")
    (path /633B90D5)
    (attr smd)
    (fp_text reference FB0 (at -3.275 0 180) (layer F.SilkS)
      (effects (font (size 1 1) (thickness 0.15)))
    )
    (fp_text value Ferrite_Bead_Small (at 0 1.65 180) (layer F.Fab)
      (effects (font (size 1 1) (thickness 0.15)))
    )
    (fp_line (start -1 0.6) (end -1 -0.6) (layer F.Fab) (width 0.1))
    (fp_line (start -1 -0.6) (end 1 -0.6) (layer F.Fab) (width 0.1))
    (fp_line (start 1 -0.6) (end 1 0.6) (layer F.Fab) (width 0.1))
    (fp_line (start 1 0.6) (end -1 0.6) (layer F.Fab) (width 0.1))
    (fp_line (start -0.261252 -0.71) (end 0.261252 -0.71) (layer F.SilkS) (width 0.12))
    (fp_line (start -0.261252 0.71) (end 0.261252 0.71) (layer F.SilkS) (width 0.12))
    (fp_line (start -1.85 0.95) (end -1.85 -0.95) (layer F.CrtYd) (width 0.05))
    (fp_line (start -1.85 -0.95) (end 1.85 -0.95) (layer F.CrtYd) (width 0.05))
    (fp_line (start 1.85 -0.95) (end 1.85 0.95) (layer F.CrtYd) (width 0.05))
    (fp_line (start 1.85 0.95) (end -1.85 0.95) (layer F.CrtYd) (width 0.05))
    (fp_text user %R (at 0 0 180) (layer F.Fab)
      (effects (font (size 0.5 0.5) (thickness 0.08)))
    )
    (pad 1 smd roundrect (at -1.025 0 180) (size 1.15 1.4) (layers F.Cu F.Paste F.Mask) (roundrect_rratio 0.217391)
      (net 6 /5V))
    (pad 2 smd roundrect (at 1.025 0 180) (size 1.15 1.4) (layers F.Cu F.Paste F.Mask) (roundrect_rratio 0.217391)
      (net 3 "Net-(C0-Pad1)"))
    (model ${KISYS3DMOD}/Inductor_SMD.3dshapes/L_0805_2012Metric.wrl
      (at (xyz 0 0 0))
      (scale (xyz 1 1 1))
      (rotate (xyz 0 0 0))
    )
  )

  (module Resistor_SMD:R_0805_2012Metric_Pad1.15x1.40mm_HandSolder (layer B.Cu) (tedit 5B36C52B) (tstamp 6363F036)
    (at 149.75 102.475 90)
    (descr "Resistor SMD 0805 (2012 Metric), square (rectangular) end terminal, IPC_7351 nominal with elongated pad for handsoldering. (Body size source: https://docs.google.com/spreadsheets/d/1BsfQQcO9C6DZCsRaXUlFlo91Tg2WpOkGARC1WS5S8t0/edit?usp=sharing), generated with kicad-footprint-generator")
    (tags "resistor handsolder")
    (path /636E8032)
    (attr smd)
    (fp_text reference FC0 (at 0 1.65 90) (layer B.SilkS)
      (effects (font (size 1 1) (thickness 0.15)) (justify mirror))
    )
    (fp_text value R (at 0 -1.65 90) (layer B.Fab)
      (effects (font (size 1 1) (thickness 0.15)) (justify mirror))
    )
    (fp_text user %R (at 0 0 90) (layer B.Fab)
      (effects (font (size 0.5 0.5) (thickness 0.08)) (justify mirror))
    )
    (fp_line (start 1.85 -0.95) (end -1.85 -0.95) (layer B.CrtYd) (width 0.05))
    (fp_line (start 1.85 0.95) (end 1.85 -0.95) (layer B.CrtYd) (width 0.05))
    (fp_line (start -1.85 0.95) (end 1.85 0.95) (layer B.CrtYd) (width 0.05))
    (fp_line (start -1.85 -0.95) (end -1.85 0.95) (layer B.CrtYd) (width 0.05))
    (fp_line (start -0.261252 -0.71) (end 0.261252 -0.71) (layer B.SilkS) (width 0.12))
    (fp_line (start -0.261252 0.71) (end 0.261252 0.71) (layer B.SilkS) (width 0.12))
    (fp_line (start 1 -0.6) (end -1 -0.6) (layer B.Fab) (width 0.1))
    (fp_line (start 1 0.6) (end 1 -0.6) (layer B.Fab) (width 0.1))
    (fp_line (start -1 0.6) (end 1 0.6) (layer B.Fab) (width 0.1))
    (fp_line (start -1 -0.6) (end -1 0.6) (layer B.Fab) (width 0.1))
    (pad 2 smd roundrect (at 1.025 0 90) (size 1.15 1.4) (layers B.Cu B.Paste B.Mask) (roundrect_rratio 0.217391)
      (net 4 GND))
    (pad 1 smd roundrect (at -1.025 0 90) (size 1.15 1.4) (layers B.Cu B.Paste B.Mask) (roundrect_rratio 0.217391)
      (net 10 "Net-(FC0-Pad1)"))
    (model ${KISYS3DMOD}/Resistor_SMD.3dshapes/R_0805_2012Metric.wrl
      (at (xyz 0 0 0))
      (scale (xyz 1 1 1))
      (rotate (xyz 0 0 0))
    )
  )

  (module Resistor_SMD:R_0805_2012Metric_Pad1.15x1.40mm_HandSolder (layer B.Cu) (tedit 5B36C52B) (tstamp 6363F047)
    (at 151.75 102.475 90)
    (descr "Resistor SMD 0805 (2012 Metric), square (rectangular) end terminal, IPC_7351 nominal with elongated pad for handsoldering. (Body size source: https://docs.google.com/spreadsheets/d/1BsfQQcO9C6DZCsRaXUlFlo91Tg2WpOkGARC1WS5S8t0/edit?usp=sharing), generated with kicad-footprint-generator")
    (tags "resistor handsolder")
    (path /636E89B1)
    (attr smd)
    (fp_text reference FC1 (at 0 1.65 90) (layer B.SilkS)
      (effects (font (size 1 1) (thickness 0.15)) (justify mirror))
    )
    (fp_text value R (at 0 -1.65 90) (layer B.Fab)
      (effects (font (size 1 1) (thickness 0.15)) (justify mirror))
    )
    (fp_line (start -1 -0.6) (end -1 0.6) (layer B.Fab) (width 0.1))
    (fp_line (start -1 0.6) (end 1 0.6) (layer B.Fab) (width 0.1))
    (fp_line (start 1 0.6) (end 1 -0.6) (layer B.Fab) (width 0.1))
    (fp_line (start 1 -0.6) (end -1 -0.6) (layer B.Fab) (width 0.1))
    (fp_line (start -0.261252 0.71) (end 0.261252 0.71) (layer B.SilkS) (width 0.12))
    (fp_line (start -0.261252 -0.71) (end 0.261252 -0.71) (layer B.SilkS) (width 0.12))
    (fp_line (start -1.85 -0.95) (end -1.85 0.95) (layer B.CrtYd) (width 0.05))
    (fp_line (start -1.85 0.95) (end 1.85 0.95) (layer B.CrtYd) (width 0.05))
    (fp_line (start 1.85 0.95) (end 1.85 -0.95) (layer B.CrtYd) (width 0.05))
    (fp_line (start 1.85 -0.95) (end -1.85 -0.95) (layer B.CrtYd) (width 0.05))
    (fp_text user %R (at 0 0 90) (layer B.Fab)
      (effects (font (size 0.5 0.5) (thickness 0.08)) (justify mirror))
    )
    (pad 1 smd roundrect (at -1.025 0 90) (size 1.15 1.4) (layers B.Cu B.Paste B.Mask) (roundrect_rratio 0.217391)
      (net 10 "Net-(FC0-Pad1)"))
    (pad 2 smd roundrect (at 1.025 0 90) (size 1.15 1.4) (layers B.Cu B.Paste B.Mask) (roundrect_rratio 0.217391)
      (net 11 /SHIELD))
    (model ${KISYS3DMOD}/Resistor_SMD.3dshapes/R_0805_2012Metric.wrl
      (at (xyz 0 0 0))
      (scale (xyz 1 1 1))
      (rotate (xyz 0 0 0))
    )
  )

  (module TestPoint:TestPoint_THTPad_2.5x2.5mm_Drill1.2mm (layer F.Cu) (tedit 5A0F774F) (tstamp 6364090F)
    (at 137.75 109.5)
    (descr "THT rectangular pad as test Point, square 2.5mm side length, hole diameter 1.2mm")
    (tags "test point THT pad rectangle square")
    (path /636797B7)
    (attr virtual)
    (fp_text reference GND0 (at 0 2.352) (layer F.SilkS)
      (effects (font (size 1 1) (thickness 0.15)))
    )
    (fp_text value TestPoint (at 0 2.25) (layer F.Fab)
      (effects (font (size 1 1) (thickness 0.15)))
    )
    (fp_text user %R (at 0 -2.15) (layer F.Fab)
      (effects (font (size 1 1) (thickness 0.15)))
    )
    (fp_line (start -1.45 -1.45) (end 1.45 -1.45) (layer F.SilkS) (width 0.12))
    (fp_line (start 1.45 -1.45) (end 1.45 1.45) (layer F.SilkS) (width 0.12))
    (fp_line (start 1.45 1.45) (end -1.45 1.45) (layer F.SilkS) (width 0.12))
    (fp_line (start -1.45 1.45) (end -1.45 -1.45) (layer F.SilkS) (width 0.12))
    (fp_line (start -1.75 -1.75) (end 1.75 -1.75) (layer F.CrtYd) (width 0.05))
    (fp_line (start -1.75 -1.75) (end -1.75 1.75) (layer F.CrtYd) (width 0.05))
    (fp_line (start 1.75 1.75) (end 1.75 -1.75) (layer F.CrtYd) (width 0.05))
    (fp_line (start 1.75 1.75) (end -1.75 1.75) (layer F.CrtYd) (width 0.05))
    (pad 1 thru_hole rect (at 0 0) (size 2.5 2.5) (drill 1.2) (layers *.Cu *.Mask)
      (net 4 GND))
  )

  (module SamacSys_Parts:SOP64P599X175-20N (layer F.Cu) (tedit 0) (tstamp 6363F07C)
    (at 119.75 102.5)
    (descr SSOP-20)
    (tags "Integrated Circuit")
    (path /6336B161)
    (clearance 0.1)
    (attr smd)
    (fp_text reference IC0 (at 3.5 4.5) (layer F.SilkS)
      (effects (font (size 1.27 1.27) (thickness 0.254)))
    )
    (fp_text value FT231XS-R (at 0 0) (layer F.SilkS) hide
      (effects (font (size 1.27 1.27) (thickness 0.254)))
    )
    (fp_text user %R (at 0 0) (layer F.Fab)
      (effects (font (size 1.27 1.27) (thickness 0.254)))
    )
    (fp_line (start -3.725 -4.619) (end 3.725 -4.619) (layer F.CrtYd) (width 0.05))
    (fp_line (start 3.725 -4.619) (end 3.725 4.619) (layer F.CrtYd) (width 0.05))
    (fp_line (start 3.725 4.619) (end -3.725 4.619) (layer F.CrtYd) (width 0.05))
    (fp_line (start -3.725 4.619) (end -3.725 -4.619) (layer F.CrtYd) (width 0.05))
    (fp_line (start -1.95 -4.324) (end 1.95 -4.324) (layer F.Fab) (width 0.1))
    (fp_line (start 1.95 -4.324) (end 1.95 4.324) (layer F.Fab) (width 0.1))
    (fp_line (start 1.95 4.324) (end -1.95 4.324) (layer F.Fab) (width 0.1))
    (fp_line (start -1.95 4.324) (end -1.95 -4.324) (layer F.Fab) (width 0.1))
    (fp_line (start -1.95 -3.69) (end -1.314 -4.324) (layer F.Fab) (width 0.1))
    (fp_line (start -1.6 -4.324) (end 1.6 -4.324) (layer F.SilkS) (width 0.2))
    (fp_line (start 1.6 -4.324) (end 1.6 4.324) (layer F.SilkS) (width 0.2))
    (fp_line (start 1.6 4.324) (end -1.6 4.324) (layer F.SilkS) (width 0.2))
    (fp_line (start -1.6 4.324) (end -1.6 -4.324) (layer F.SilkS) (width 0.2))
    (fp_line (start -3.475 -3.425) (end -1.95 -3.425) (layer F.SilkS) (width 0.2))
    (pad 1 smd rect (at -2.712 -2.858 90) (size 0.435 1.526) (layers F.Cu F.Paste F.Mask)
      (net 12 "Net-(IC0-Pad1)"))
    (pad 2 smd rect (at -2.712 -2.222 90) (size 0.435 1.526) (layers F.Cu F.Paste F.Mask)
      (net 13 "Net-(IC0-Pad2)"))
    (pad 3 smd rect (at -2.712 -1.588 90) (size 0.435 1.526) (layers F.Cu F.Paste F.Mask)
      (net 5 /3.3V))
    (pad 4 smd rect (at -2.712 -0.952 90) (size 0.435 1.526) (layers F.Cu F.Paste F.Mask)
      (net 14 "Net-(IC0-Pad4)"))
    (pad 5 smd rect (at -2.712 -0.318 90) (size 0.435 1.526) (layers F.Cu F.Paste F.Mask)
      (net 15 "Net-(IC0-Pad5)"))
    (pad 6 smd rect (at -2.712 0.318 90) (size 0.435 1.526) (layers F.Cu F.Paste F.Mask)
      (net 4 GND))
    (pad 7 smd rect (at -2.712 0.952 90) (size 0.435 1.526) (layers F.Cu F.Paste F.Mask)
      (net 16 "Net-(IC0-Pad7)"))
    (pad 8 smd rect (at -2.712 1.588 90) (size 0.435 1.526) (layers F.Cu F.Paste F.Mask)
      (net 17 "Net-(IC0-Pad8)"))
    (pad 9 smd rect (at -2.712 2.222 90) (size 0.435 1.526) (layers F.Cu F.Paste F.Mask)
      (net 18 "Net-(IC0-Pad9)"))
    (pad 10 smd rect (at -2.712 2.858 90) (size 0.435 1.526) (layers F.Cu F.Paste F.Mask)
      (net 19 "Net-(IC0-Pad10)"))
    (pad 11 smd rect (at 2.712 2.858 90) (size 0.435 1.526) (layers F.Cu F.Paste F.Mask)
      (net 20 "Net-(IC0-Pad11)"))
    (pad 12 smd rect (at 2.712 2.222 90) (size 0.435 1.526) (layers F.Cu F.Paste F.Mask)
      (net 21 "Net-(IC0-Pad12)"))
    (pad 13 smd rect (at 2.712 1.588 90) (size 0.435 1.526) (layers F.Cu F.Paste F.Mask)
      (net 5 /3.3V))
    (pad 14 smd rect (at 2.712 0.952 90) (size 0.435 1.526) (layers F.Cu F.Paste F.Mask)
      (net 5 /3.3V))
    (pad 15 smd rect (at 2.712 0.318 90) (size 0.435 1.526) (layers F.Cu F.Paste F.Mask)
      (net 6 /5V))
    (pad 16 smd rect (at 2.712 -0.318 90) (size 0.435 1.526) (layers F.Cu F.Paste F.Mask)
      (net 4 GND))
    (pad 17 smd rect (at 2.712 -0.952 90) (size 0.435 1.526) (layers F.Cu F.Paste F.Mask)
      (net 22 "Net-(IC0-Pad17)"))
    (pad 18 smd rect (at 2.712 -1.588 90) (size 0.435 1.526) (layers F.Cu F.Paste F.Mask)
      (net 23 /TXDEN))
    (pad 19 smd rect (at 2.712 -2.222 90) (size 0.435 1.526) (layers F.Cu F.Paste F.Mask)
      (net 24 "Net-(IC0-Pad19)"))
    (pad 20 smd rect (at 2.712 -2.858 90) (size 0.435 1.526) (layers F.Cu F.Paste F.Mask)
      (net 25 "Net-(IC0-Pad20)"))
    (model C:\Users\cc268161\Documents\Cartes\lib\SamacSys_Parts.3dshapes\FT231XS-R.stp
      (at (xyz 0 0 0))
      (scale (xyz 1 1 1))
      (rotate (xyz 0 0 0))
    )
  )

  (module SamacSys_Parts:SON65P300X300X80-9N (layer F.Cu) (tedit 0) (tstamp 6363FFF7)
    (at 127.5 100)
    (descr T833+2)
    (tags "Integrated Circuit")
    (path /6336A64B)
    (attr smd)
    (fp_text reference IC1 (at 3.75 0) (layer F.SilkS)
      (effects (font (size 1.27 1.27) (thickness 0.254)))
    )
    (fp_text value MAX14840EATA+ (at 0 0) (layer F.SilkS) hide
      (effects (font (size 1.27 1.27) (thickness 0.254)))
    )
    (fp_text user %R (at 0 0) (layer F.Fab)
      (effects (font (size 1.27 1.27) (thickness 0.254)))
    )
    (fp_line (start -2.125 -1.8) (end 2.125 -1.8) (layer F.CrtYd) (width 0.05))
    (fp_line (start 2.125 -1.8) (end 2.125 1.8) (layer F.CrtYd) (width 0.05))
    (fp_line (start 2.125 1.8) (end -2.125 1.8) (layer F.CrtYd) (width 0.05))
    (fp_line (start -2.125 1.8) (end -2.125 -1.8) (layer F.CrtYd) (width 0.05))
    (fp_line (start -1.5 -1.5) (end 1.5 -1.5) (layer F.Fab) (width 0.1))
    (fp_line (start 1.5 -1.5) (end 1.5 1.5) (layer F.Fab) (width 0.1))
    (fp_line (start 1.5 1.5) (end -1.5 1.5) (layer F.Fab) (width 0.1))
    (fp_line (start -1.5 1.5) (end -1.5 -1.5) (layer F.Fab) (width 0.1))
    (fp_line (start -1.5 -0.75) (end -0.75 -1.5) (layer F.Fab) (width 0.1))
    (fp_circle (center -1.875 -1.65) (end -1.875 -1.525) (layer F.SilkS) (width 0.25))
    (pad 1 smd rect (at -1.5 -0.975 90) (size 0.35 0.75) (layers F.Cu F.Paste F.Mask)
      (net 14 "Net-(IC0-Pad4)"))
    (pad 2 smd rect (at -1.5 -0.325 90) (size 0.35 0.75) (layers F.Cu F.Paste F.Mask)
      (net 23 /TXDEN))
    (pad 3 smd rect (at -1.5 0.325 90) (size 0.35 0.75) (layers F.Cu F.Paste F.Mask)
      (net 23 /TXDEN))
    (pad 4 smd rect (at -1.5 0.975 90) (size 0.35 0.75) (layers F.Cu F.Paste F.Mask)
      (net 25 "Net-(IC0-Pad20)"))
    (pad 5 smd rect (at 1.5 0.975 90) (size 0.35 0.75) (layers F.Cu F.Paste F.Mask)
      (net 4 GND))
    (pad 6 smd rect (at 1.5 0.325 90) (size 0.35 0.75) (layers F.Cu F.Paste F.Mask)
      (net 1 "Net-(A0-Pad1)"))
    (pad 7 smd rect (at 1.5 -0.325 90) (size 0.35 0.75) (layers F.Cu F.Paste F.Mask)
      (net 2 "Net-(B0-Pad1)"))
    (pad 8 smd rect (at 1.5 -0.975 90) (size 0.35 0.75) (layers F.Cu F.Paste F.Mask)
      (net 5 /3.3V))
    (pad 9 smd rect (at 0 0) (size 1.6 2.4) (layers F.Cu F.Paste F.Mask)
      (net 4 GND))
    (model C:\Users\cc268161\Documents\Cartes\lib\SamacSys_Parts.3dshapes\MAX14840EATA+.stp
      (at (xyz 0 0 0))
      (scale (xyz 1 1 1))
      (rotate (xyz 0 0 0))
    )
  )

  (module SamacSys_Parts:SOP65P490X110-8N (layer F.Cu) (tedit 0) (tstamp 6363F0AF)
    (at 127.5 104.5)
    (descr "Micro8 CASE 846A−02 ISSUE J")
    (tags "Integrated Circuit")
    (path /63596675)
    (attr smd)
    (fp_text reference IC2 (at 4.75 0) (layer F.SilkS)
      (effects (font (size 1.27 1.27) (thickness 0.254)))
    )
    (fp_text value NCS20032DMR2G (at 0 0) (layer F.SilkS) hide
      (effects (font (size 1.27 1.27) (thickness 0.254)))
    )
    (fp_text user %R (at 0 0) (layer F.Fab)
      (effects (font (size 1.27 1.27) (thickness 0.254)))
    )
    (fp_line (start -3.15 -1.8) (end 3.15 -1.8) (layer F.CrtYd) (width 0.05))
    (fp_line (start 3.15 -1.8) (end 3.15 1.8) (layer F.CrtYd) (width 0.05))
    (fp_line (start 3.15 1.8) (end -3.15 1.8) (layer F.CrtYd) (width 0.05))
    (fp_line (start -3.15 1.8) (end -3.15 -1.8) (layer F.CrtYd) (width 0.05))
    (fp_line (start -1.5 -1.5) (end 1.5 -1.5) (layer F.Fab) (width 0.1))
    (fp_line (start 1.5 -1.5) (end 1.5 1.5) (layer F.Fab) (width 0.1))
    (fp_line (start 1.5 1.5) (end -1.5 1.5) (layer F.Fab) (width 0.1))
    (fp_line (start -1.5 1.5) (end -1.5 -1.5) (layer F.Fab) (width 0.1))
    (fp_line (start -1.5 -0.85) (end -0.85 -1.5) (layer F.Fab) (width 0.1))
    (fp_line (start -1.15 -1.5) (end 1.15 -1.5) (layer F.SilkS) (width 0.2))
    (fp_line (start 1.15 -1.5) (end 1.15 1.5) (layer F.SilkS) (width 0.2))
    (fp_line (start 1.15 1.5) (end -1.15 1.5) (layer F.SilkS) (width 0.2))
    (fp_line (start -1.15 1.5) (end -1.15 -1.5) (layer F.SilkS) (width 0.2))
    (fp_line (start -2.9 -1.55) (end -1.5 -1.55) (layer F.SilkS) (width 0.2))
    (pad 1 smd rect (at -2.2 -0.975 90) (size 0.45 1.4) (layers F.Cu F.Paste F.Mask)
      (net 26 "Net-(IC2-Pad1)"))
    (pad 2 smd rect (at -2.2 -0.325 90) (size 0.45 1.4) (layers F.Cu F.Paste F.Mask)
      (net 23 /TXDEN))
    (pad 3 smd rect (at -2.2 0.325 90) (size 0.45 1.4) (layers F.Cu F.Paste F.Mask)
      (net 27 "Net-(IC2-Pad3)"))
    (pad 4 smd rect (at -2.2 0.975 90) (size 0.45 1.4) (layers F.Cu F.Paste F.Mask)
      (net 4 GND))
    (pad 5 smd rect (at 2.2 0.975 90) (size 0.45 1.4) (layers F.Cu F.Paste F.Mask)
      (net 23 /TXDEN))
    (pad 6 smd rect (at 2.2 0.325 90) (size 0.45 1.4) (layers F.Cu F.Paste F.Mask)
      (net 28 "Net-(IC2-Pad6)"))
    (pad 7 smd rect (at 2.2 -0.325 90) (size 0.45 1.4) (layers F.Cu F.Paste F.Mask)
      (net 29 "Net-(IC2-Pad7)"))
    (pad 8 smd rect (at 2.2 -0.975 90) (size 0.45 1.4) (layers F.Cu F.Paste F.Mask)
      (net 5 /3.3V))
    (model C:\Users\cc268161\Documents\Cartes\lib\SamacSys_Parts.3dshapes\NCS20032DMR2G.stp
      (at (xyz 0 0 0))
      (scale (xyz 1 1 1))
      (rotate (xyz 0 0 0))
    )
  )

  (module TestPoint:TestPoint_THTPad_D2.5mm_Drill1.2mm (layer F.Cu) (tedit 5A0F774F) (tstamp 6363F0B7)
    (at 121.75 109.5)
    (descr "THT pad as test Point, diameter 2.5mm, hole diameter 1.2mm ")
    (tags "test point THT pad")
    (path /6366B3D9)
    (attr virtual)
    (fp_text reference INV0 (at 0 2.352) (layer F.SilkS)
      (effects (font (size 1 1) (thickness 0.15)))
    )
    (fp_text value TestPoint (at 0 2.25) (layer F.Fab)
      (effects (font (size 1 1) (thickness 0.15)))
    )
    (fp_text user %R (at 0 -2.15) (layer F.Fab)
      (effects (font (size 1 1) (thickness 0.15)))
    )
    (fp_circle (center 0 0) (end 1.75 0) (layer F.CrtYd) (width 0.05))
    (fp_circle (center 0 0) (end 0 1.45) (layer F.SilkS) (width 0.12))
    (pad 1 thru_hole circle (at 0 0) (size 2.5 2.5) (drill 1.2) (layers *.Cu *.Mask)
      (net 30 /#ENABLE))
  )

